
pos =

    0.4949    0.5029
    0.4949    0.5029
    0.4924    0.5004
    0.4951    0.5029
    0.4953    0.5029
    0.4950    0.5031
    0.4953    0.5029
    0.4949    0.5028
    0.4948    0.5028
    0.4947    0.5028
    0.4930    0.5016
    0.4947    0.5030
    0.4951    0.5026
    0.4949    0.5028
    0.4916    0.5000
    0.4948    0.5027
    0.4949    0.5027
    0.4948    0.5027
    0.4948    0.5026
    0.4949    0.5032
    0.4948    0.5028
    0.4951    0.5026
    0.4947    0.5029
    0.4949    0.5029
    0.4930    0.5009
    0.4934    0.5006
    0.4950    0.5026
    0.4949    0.5027
    0.4947    0.5025
    0.4949    0.5029
    0.4948    0.5029
    0.4952    0.5027
    0.4951    0.5028
    0.4948    0.5027
    0.4949    0.5029
    0.4948    0.5029
    0.4950    0.5027
    0.4948    0.5026
    0.4948    0.5024
    0.4947    0.5027
    0.4950    0.5028
    0.4916    0.5000
    0.4947    0.5028
    0.4951    0.5029
    0.4949    0.5026
    0.4950    0.5030
    0.4949    0.5026
    0.4948    0.5027
    0.4949    0.5029
    0.4949    0.5026
    0.4928    0.5006
    0.4948    0.5027
    0.4950    0.5028
    0.4950    0.5027
    0.4949    0.5027
    0.4950    0.5031
    0.4949    0.5026
    0.4952    0.5030
    0.4946    0.5027
    0.4949    0.5027
    0.4949    0.5026
    0.4949    0.5028
    0.4948    0.5030
    0.4948    0.5029
    0.4949    0.5027
    0.4946    0.5026
    0.4952    0.5031
    0.4951    0.5028
    0.4950    0.5030
    0.4948    0.5028
    0.4949    0.5027
    0.4948    0.5027
    0.4949    0.5026
    0.4948    0.5024
    0.4949    0.5026
    0.4947    0.5027
    0.4949    0.5026
    0.4947    0.5026
    0.4946    0.5026
    0.4927    0.5007
    0.4948    0.5030
    0.4950    0.5029
    0.4951    0.5029
    0.4948    0.5027
    0.4948    0.5028
    0.4926    0.5007
    0.4949    0.5029
    0.4923    0.5009
    0.4949    0.5027
    0.4948    0.5030
    0.4951    0.5028
    0.4949    0.5028
    0.4950    0.5028
    0.4949    0.5026
    0.4949    0.5028
    0.4917    0.5002
    0.4947    0.5025
    0.4950    0.5029
    0.4950    0.5029
    0.4950    0.5027


