
pos =

   -0.3428    0.5823


pos =

   -0.1968    0.3789



pos =

   -0.0280   -0.1518

