pos =

    0.8997    0.0675


pos =

    0.4132    0.0765


pos =

    0.4131    0.0765


pos =

   -0.0749    0.1006


pos =

   -0.5119    0.1557


pos =

   -0.0312    0.1345


pos =

   -0.0317    0.1354


pos =

    0.4548    0.0637


pos =

    0.8641    0.1203


pos =

    0.3758    0.1015



pos =

   -0.3942    0.1113


pos =

    0.0900    0.0981


pos =

    0.0916    0.0989


pos =

    0.5780    0.0522


pos =

    0.7592    0.0809


pos =

    0.2643    0.0817


pos =

    0.2644    0.0818


pos =

   -0.2276    0.0932


pos =

   -0.3755    0.1198


pos =

    0.1030    0.0589


pos =

    0.1032    0.0589


pos =

    0.5783   -0.0481


pos =

    0.6294    0.1778


pos =

    0.1375    0.2183


pos =

    0.1372    0.2183


pos =

   -0.5260    0.0082


pos =

   -0.0311   -0.0112


pos =

   -0.0318   -0.0108


pos =

    0.4526   -0.0835

