pos =

    0.8956    0.0146


pos =

    0.3224    0.0091


pos =

    0.3223    0.0090


pos =

   -0.2379   -0.0005


pos =

   -0.5102    0.1710


pos =

    0.0672    0.1490


pos =

    0.0683    0.1495


pos =

    0.6795    0.1302


pos =

    0.8890    0.0578


pos =

    0.3106    0.0481


pos =

    0.3121    0.0490


pos =

   -0.2535    0.0266


pos =

   -0.4683    0.1143


pos =

    0.1461    0.1312


pos =

    0.1463    0.1316


pos =

    0.7519    0.1427


pos =

    0.8437   -0.0648


pos =

    0.2189   -0.0526


pos =

    0.2173   -0.0521


pos =

   -0.3895   -0.0516


pos =

   -0.5155    0.1547


pos =

    0.0815    0.1565


pos =

    0.0826    0.1571


pos =

    0.6649    0.1702


pos =

    0.8960   -0.0109


pos =

    0.3296    0.0150


pos =

    0.3290    0.0158


pos =

   -0.3040    0.0337


pos =

   -0.4943    0.1839


pos =

    0.0781    0.2479

