pos =

   -0.4355    0.1197


pos =

    0.0880    0.1391


pos =

    0.0884    0.1387


pos =

    0.6048    0.1531


pos =

    0.8510   -0.0537


pos =

    0.3393   -0.0548


pos =

    0.3379   -0.0550


pos =

   -0.1926   -0.0463


pos =

   -0.3699    0.1955


pos =

    0.1440    0.2202


pos =

    0.1440    0.2202


pos =

    0.6578    0.2345


pos =

    0.8684   -0.0472


pos =

    0.3548   -0.0488


pos =

    0.3552   -0.0489


pos =

   -0.1771   -0.0508


pos =

   -0.4452    0.1778


pos =

    0.0668    0.1668


pos =

    0.0660    0.1665


pos =

    0.5952    0.1422


pos =

    0.7990    0.0200


pos =

    0.2548    0.0255


pos =

    0.2548    0.0255


pos =

   -0.2699    0.0320


pos =

   -0.3698    0.1274


pos =

    0.1356    0.1531


pos =

    0.1345    0.1524


pos =

    0.6453    0.1899


pos =

    0.9026   -0.0451


pos =

    0.3789   -0.0221

